3,2
3,1
3,0
2,11
2,10
2,9
2,7
2,5
2,4
2,2
1,2
0,509
0,506
0,503
0,502
0,500
0,499
0,498
0,497
0,496
0,495
0,492
0,491
0,489
0,486
0,484
0,482
0,479
0,478
0,477
0,475
0,474
0,473
0,470
0,469
0,468
0,467
0,463
0,462
0,461
0,460
0,459
0,458
0,457
0,456
0,455
0,454
0,453
0,452
0,450
0,449
0,448
0,447
0,445
0,444
0,443
0,442
0,441
0,440
0,439
0,438
0,437
0,436
0,435
0,434
0,433
0,432
0,431
0,430
0,429
0,428
0,427
0,426
0,425
325,65
2,6
0,408
1,1
0,335
1,3
0,322
1,0
0,319
0,318
4,1
0,317
4,3
0,316
2,1
4,0
2,8
0,315
2,3
2,0
0,314
0,313
0,312
325,1
0,311
325,102
325,4
325,7
0,309
0,306
325,3
0,301
0,243
0,451
325,0
0,9
0,511
0,310
0,305
0,331
0,345
0,308
0,304
0,303
0,302
0,307
0,12
0,422
0,10
0,344
0,8
0,0
0,349
0,300
0,340
0,299
0,327
0,298
0,384
0,297
0,476
0,296
0,407
0,295
0,294
0,493
0,293
0,404
0,292
0,375
0,291
0,356
0,290
0,361
0,289
0,326
0,288
0,374
0,287
0,403
0,286
0,483
0,285
0,373
0,284
0,421
0,283
0,386
0,282
0,355
0,281
0,372
0,280
0,383
0,279
0,337
0,278
0,382
0,277
3,3
3,4
3,6
4,2
41,1
41,2
41,4
42,1
42,2
42,4
42,5
43,1
43,3
43,4
43,6
43,7
43,9
43,10
44,0
44,2
44,3
44,5
44,6
45,1
45,3
45,4
45,6
46,0
46,2
46,3
47,0
47,2
47,3
47,5
47,6
48,1
48,3
48,4
49,0
49,1
49,3
49,4
50,1
50,3
50,4
50,6
50,7
51,0
51,2
51,3
51,5
52,0
52,2
52,4
53,0
53,2
53,3
53,5
54,0
54,2
54,4
55,0
55,2
55,3
56,0
56,2
56,3
57,0
57,1
57,3
58,0
58,2
58,4
58,5
58,7
58,8
58,10
58,12
58,13
58,15
58,16
58,18
58,19
58,21
58,23
58,24
58,26
58,27
58,29
58,31
58,32
58,34
58,35
58,65
58,67
58,68
58,70
58,71
58,73
58,74
58,76
58,78
58,79
58,81
58,82
58,84
58,86
58,87
58,89
58,90
58,92
58,93
58,95
58,97
58,98
58,100
58,101
58,103
58,105
58,106
58,108
58,109
58,111
58,112
58,114
58,116
58,117
58,119
58,120
58,122
58,124
58,158
59,1
59,2
59,4
59,5
60,0
60,2
60,3
61,0
61,1
61,3
62,0
62,1
62,3
62,4
63,1
63,3
63,4
64,1
64,2
65,0
65,1
65,3
65,5
65,6
66,1
66,2
66,4
67,1
67,2
67,4
68,0
68,2
68,3
68,5
69,1
69,2
69,4
69,5
70,1
70,3
70,4
71,1
71,2
72,0
72,1
72,3
73,0
73,1
73,3
73,4
74,0
74,2
74,3
75,1
75,2
75,4
76,1
76,2
78,0
78,1
78,3
79,0
79,2
80,0
80,1
80,3
81,0
81,2
82,0
82,1
82,3
83,0
83,2
83,3
84,1
84,3
85,0
85,2
85,3
86,1
86,3
87,0
87,2
87,3
88,1
88,2
89,0
89,2
89,3
90,1
90,2
91,0
91,2
91,3
92,1
92,2
93,0
93,1
93,3
93,5
94,0
94,2
94,3
95,1
95,3
96,0
96,2
96,3
97,1
97,3
98,0
98,2
98,3
99,1
99,2
100,0
100,2
100,3
101,1
101,2
102,0
102,2
102,3
103,1
103,2
104,0
104,1
104,3
105,1
105,2
106,0
106,1
106,3
107,1
107,2
108,0
108,1
108,3
109,0
109,2
110,0
110,1
110,3
111,0
111,2
112,0
112,1
112,3
113,0
113,2
113,4
114,0
114,2
114,3
115,1
115,2
116,0
116,2
116,3
117,0
117,1
117,3
118,1
118,2
119,0
119,1
119,3
119,4
120,1
120,3
121,0
121,2
121,3
122,1
122,3
123,0
123,2
123,3
124,1
124,2
125,0
125,2
125,3
126,1
126,2
127,0
127,2
127,3
128,1
128,2
129,0
129,2
129,3
129,5
130,0
130,2
130,3
131,1
131,3
131,4
132,1
132,2
133,0
133,2
133,3
134,1
134,2
135,0
135,1
135,3
136,1
136,2
137,0
137,1
137,3
138,1
138,2
139,0
139,1
139,3
140,0
140,2
141,0
141,1
141,3
142,0
142,2
142,4
143,0
143,2
143,3
144,1
144,2
145,0
145,2
145,3
146,1
146,2
147,0
147,2
147,3
148,1
148,2
149,0
149,2
149,3
150,1
150,2
151,0
151,1
151,3
152,1
152,2
153,0
153,1
153,3
154,1
154,2
155,0
155,1
155,3
156,0
156,2
157,0
157,1
157,3
158,0
158,2
159,0
159,1
159,3
160,0
160,2
160,3
161,1
161,3
162,0
162,2
162,3
163,1
163,3
164,0
164,2
164,3
165,1
165,3
166,0
166,2
166,3
167,1
167,2
168,0
168,2
168,3
169,1
169,2
170,0
170,2
170,3
171,0
171,1
171,3
172,0
172,2
173,0
173,1
173,3
174,0
174,2
175,0
175,1
175,3
247,0
247,2
247,3
248,1
248,3
249,0
249,2
249,3
250,1
250,3
251,0
251,2
251,3
252,1
252,2
253,0
253,2
253,3
254,1
254,2
268,0
268,2
268,3
269,0
269,1
269,3
269,5
270,0
270,2
270,3
270,5
271,0
271,2
271,4
271,5
272,1
272,2
272,4
272,6
272,7
273,0
273,1
273,3
273,4
274,0
274,2
274,3
275,1
275,2
275,4
276,0
276,1
276,3
277,0
277,2
277,3
277,5
278,0
278,1
278,3
278,4
278,6
279,1
279,2
279,4
280,0
280,2
280,4
316,0
316,2
316,3
316,5
316,6
317,1
317,3
317,4
318,0
318,1
318,3
318,5
319,0
319,2
319,3
319,5
320,0
320,2
320,4
320,5
321,1
321,2
321,4
322,1
322,2
322,4
322,5
323,1
323,2
323,4
323,6
323,7
324,0
324,1
324,3
325,2
325,5
325,8
325,9
325,11
325,12
325,14
325,16
325,17
325,19
325,20
325,22
325,24
325,25
325,27
325,28
325,30
325,32
325,33
325,35
325,36
325,66
325,67
325,69
325,71
325,72
325,74
325,75
325,77
325,79
325,80
325,82
325,83
325,85
325,86
325,88
325,90
325,91
325,93
325,94
325,96
325,98
325,99
325,101
325,103
325,105
325,106
325,108
325,110
325,111
325,113
325,114
325,116
325,118
325,119
325,121
325,122
325,124
325,126
325,127
325,129
325,130
325,132
325,133
325,135
325,137
325,138
325,140
325,141
325,143
325,145
325,146
325,148
325,149
325,151
325,152
326,0
326,2
326,3
326,5
327,0
327,2
327,4
327,5
327,7
328,0
328,2
328,3
329,1
329,3
330,0
330,2
330,3
331,1
331,3
332,0
332,2
332,3
333,1
333,3
334,0
334,2
334,3
334,5
334,6
334,8
334,10
335,0
335,2
335,3
336,1
336,3
336,2
336,0
335,1
334,9
334,7
334,4
334,1
333,2
333,0
332,1
331,2
331,0
330,1
329,2
329,0
328,1
327,6
327,3
327,1
326,4
326,1
325,153
325,150
325,147
325,144
325,142
325,139
325,136
325,134
325,131
325,128
325,125
325,123
325,120
325,117
325,115
325,112
325,109
325,107
325,104
325,100
325,97
325,95
325,92
325,89
325,87
325,84
325,81
325,78
325,76
325,73
325,70
325,68
325,64
325,34
325,31
325,29
325,26
325,23
325,21
325,18
325,15
325,13
325,10
325,6
324,4
324,2
323,8
323,5
323,3
323,0
322,3
322,0
321,3
321,0
320,3
320,1
319,4
319,1
318,4
318,2
317,5
317,2
317,0
316,4
316,1
280,3
280,1
279,3
279,0
278,5
278,2
277,6
277,4
277,1
276,2
275,5
275,3
275,0
274,1
273,5
273,2
272,8
272,5
272,3
272,0
271,3
271,1
270,4
270,1
269,4
269,2
268,4
268,1
254,3
254,0
253,1
252,3
252,0
251,1
250,2
250,0
249,1
248,2
248,0
247,1
175,2
174,3
174,1
173,2
172,3
172,1
171,2
170,4
170,1
169,3
169,0
168,1
167,3
167,0
166,1
165,2
165,0
164,1
163,2
163,0
162,1
161,2
161,0
160,1
159,2
158,3
158,1
157,2
156,3
156,1
155,2
154,3
154,0
153,2
152,3
152,0
151,2
150,3
150,0
149,1
148,3
148,0
147,1
146,3
146,0
145,1
144,3
144,0
143,1
142,3
142,1
141,2
140,3
140,1
139,2
138,3
138,0
137,2
136,3
136,0
135,2
134,3
134,0
133,1
132,3
132,0
131,2
131,0
130,1
129,4
129,1
128,3
128,0
127,1
126,3
126,0
125,1
124,3
124,0
123,1
122,2
122,0
121,1
120,2
120,0
119,2
118,3
118,0
117,2
116,4
116,1
115,3
115,0
114,1
113,3
113,1
112,2
111,3
111,1
110,2
109,3
109,1
108,2
107,3
107,0
106,2
105,3
105,0
104,2
103,3
103,0
102,1
101,3
101,0
100,1
99,3
99,0
98,1
97,2
97,0
96,1
95,2
95,0
94,1
93,4
93,2
92,3
92,0
91,1
90,3
90,0
89,1
88,3
88,0
87,1
86,2
86,0
85,1
84,2
84,0
83,1
82,2
81,3
81,1
80,2
79,3
79,1
78,2
76,3
76,0
75,3
75,0
74,1
73,5
73,2
72,4
72,2
71,3
71,0
70,2
70,0
69,3
69,0
68,4
68,1
67,3
67,0
66,3
66,0
65,4
65,2
64,3
64,0
63,2
63,0
62,2
61,4
61,2
60,4
60,1
59,6
59,3
59,0
58,123
58,121
58,118
58,115
58,113
58,110
58,107
58,104
58,102
58,99
58,96
58,94
58,91
58,88
58,85
58,83
58,80
58,77
58,75
58,72
58,69
58,66
58,64
58,33
58,30
58,28
58,25
58,22
58,20
58,17
58,14
58,11
58,9
58,6
58,3
58,1
57,2
56,4
56,1
55,4
55,1
54,3
54,1
53,4
53,1
52,3
52,1
51,4
51,1
50,8
50,5
50,2
50,0
49,2
48,5
48,2
48,0
47,4
47,1
46,4
46,1
45,5
45,2
45,0
44,4
44,1
43,11
43,8
43,5
43,2
43,0
42,3
42,0
41,3
41,0
3,5
0,402
0,276
0,401
0,275
0,348
0,274
0,488
0,273
0,325
0,272
0,371
0,271
0,354
0,270
0,419
0,269
0,396
0,268
0,395
0,267
0,410
0,266
0,370
0,265
0,424
0,264
0,394
0,263
0,324
0,262
0,334
0,261
0,505
0,260
0,323
0,259
0,321
0,258
0,347
0,257
0,360
0,256
0,415
0,255
0,465
0,254
0,400
0,253
0,446
0,252
0,381
0,251
0,369
0,250
0,487
0,249
0,399
0,248
0,480
0,247
0,472
0,246
0,471
0,245
0,464
0,244
0,423
0,242
0,504
0,241
0,420
0,240
0,418
0,239
0,353
0,238
0,510
0,237
0,398
0,236
0,417
0,235
0,416
0,234
0,320
0,233
0,368
0,232
0,397
0,231
0,414
0,230
0,339
0,229
0,379
0,228
0,346
0,227
0,359
0,226
0,225
0,393
0,224
0,485
0,223
0,367
0,222
0,352
0,221
0,328
0,220
0,376
0,219
0,218
0,350
0,217
0,413
0,216
0,338
0,215
0,214
0,343
0,213
0,212
0,211
0,412
0,210
0,209
0,490
0,208
0,342
0,207
0,351
0,206
0,508
0,205
0,392
0,204
0,336
0,203
0,341
0,202
0,411
0,201
0,333
0,200
0,391
0,199
0,409
0,198
0,366
0,197
0,358
0,196
0,332
0,195
0,365
0,194
0,380
0,193
0,357
0,192
0,507
0,63
0,501
0,62
0,466
0,61
0,60
0,406
0,59
0,390
0,58
0,481
0,57
0,389
0,56
0,388
0,55
0,362
0,54
0,364
0,53
0,494
0,52
0,387
0,51
0,50
0,405
0,49
0,330
0,48
0,378
0,47
0,385
0,46
0,363
0,45
0,377
0,6
0,5
0,1
0,329
0,11
0,4
0,2
0,3
0,7
